1 -1 #SUP: 1155
1 -1 1 -1 #SUP: 1098
1 -1 71 -1 #SUP: 1105
7 -1 #SUP: 1096
17 -1 #SUP: 1105
17 96 -1 #SUP: 1093
17 68 -1 #SUP: 1096
17 75 -1 #SUP: 1099
17 75 96 -1 #SUP: 1093
17 75 86 -1 #SUP: 1095
17 86 -1 #SUP: 1097
19 -1 #SUP: 1103
23 -1 #SUP: 1157
23 71 -1 #SUP: 1107
23 84 -1 #SUP: 1098
23 -1 71 -1 #SUP: 1117
36 -1 #SUP: 1095
55 -1 #SUP: 1107
68 -1 #SUP: 1141
68 96 -1 #SUP: 1118
68 86 -1 #SUP: 1119
68 86 96 -1 #SUP: 1108
68 71 -1 #SUP: 1099
68 73 -1 #SUP: 1101
68 73 96 -1 #SUP: 1098
68 73 86 -1 #SUP: 1097
68 73 86 96 -1 #SUP: 1095
68 73 75 -1 #SUP: 1098
68 73 75 96 -1 #SUP: 1096
68 73 75 86 -1 #SUP: 1096
68 73 75 86 96 -1 #SUP: 1094
68 75 -1 #SUP: 1118
68 75 96 -1 #SUP: 1111
68 75 86 -1 #SUP: 1112
68 75 86 96 -1 #SUP: 1106
71 -1 #SUP: 1193
71 96 -1 #SUP: 1160
71 96 -1 71 -1 #SUP: 1110
71 99 -1 #SUP: 1094
71 84 -1 #SUP: 1117
71 86 -1 #SUP: 1141
71 86 96 -1 #SUP: 1122
71 86 -1 71 -1 #SUP: 1096
71 88 -1 #SUP: 1123
71 88 96 -1 #SUP: 1094
71 73 -1 #SUP: 1094
71 75 -1 #SUP: 1153
71 75 96 -1 #SUP: 1142
71 75 96 -1 71 -1 #SUP: 1099
71 75 86 -1 #SUP: 1129
71 75 86 96 -1 #SUP: 1119
71 75 88 -1 #SUP: 1106
71 75 -1 71 -1 #SUP: 1114
71 93 -1 #SUP: 1104
71 79 -1 #SUP: 1124
71 -1 96 -1 #SUP: 1125
71 -1 1 -1 #SUP: 1129
71 -1 71 -1 #SUP: 1157
71 -1 71 96 -1 #SUP: 1099
71 -1 71 75 -1 #SUP: 1106
71 -1 71 -1 71 -1 #SUP: 1098
71 -1 75 -1 #SUP: 1129
71 -1 75 96 -1 #SUP: 1108
71 -1 75 86 -1 #SUP: 1099
71 -1 79 -1 #SUP: 1108
71 -1 84 -1 #SUP: 1101
71 -1 86 -1 #SUP: 1110
71 -1 23 -1 #SUP: 1103
71 -1 88 -1 #SUP: 1103
71 -1 93 -1 #SUP: 1099
73 -1 #SUP: 1133
73 96 -1 #SUP: 1120
73 86 -1 #SUP: 1118
73 86 96 -1 #SUP: 1112
73 75 -1 #SUP: 1120
73 75 96 -1 #SUP: 1114
73 75 86 -1 #SUP: 1112
73 75 86 96 -1 #SUP: 1108
75 -1 #SUP: 1174
75 96 -1 #SUP: 1166
75 96 -1 96 -1 #SUP: 1092
75 96 -1 71 -1 #SUP: 1123
75 96 -1 75 -1 #SUP: 1102
75 84 -1 #SUP: 1095
75 86 -1 #SUP: 1155
75 86 96 -1 #SUP: 1147
75 86 96 -1 71 -1 #SUP: 1101
75 86 88 -1 #SUP: 1093
75 86 -1 71 -1 #SUP: 1107
75 86 -1 75 -1 #SUP: 1091
75 88 -1 #SUP: 1121
75 88 96 -1 #SUP: 1103
75 79 -1 #SUP: 1092
75 -1 96 -1 #SUP: 1106
75 -1 1 -1 #SUP: 1100
75 -1 71 -1 #SUP: 1135
75 -1 71 75 -1 #SUP: 1093
75 -1 75 -1 #SUP: 1115
75 -1 75 96 -1 #SUP: 1095
75 -1 88 -1 #SUP: 1092
79 -1 #SUP: 1156
79 96 -1 #SUP: 1091
79 -1 96 -1 #SUP: 1095
79 -1 71 -1 #SUP: 1117
79 -1 75 -1 #SUP: 1099
84 -1 #SUP: 1156
84 86 -1 #SUP: 1091
84 88 -1 #SUP: 1105
84 -1 71 -1 #SUP: 1114
86 -1 #SUP: 1165
86 96 -1 #SUP: 1150
86 96 -1 71 -1 #SUP: 1106
86 88 -1 #SUP: 1102
86 -1 96 -1 #SUP: 1097
86 -1 71 -1 #SUP: 1121
86 -1 75 -1 #SUP: 1105
88 -1 #SUP: 1154
88 96 -1 #SUP: 1111
88 -1 71 -1 #SUP: 1111
88 -1 75 -1 #SUP: 1093
93 -1 #SUP: 1146
93 -1 71 -1 #SUP: 1096
96 -1 #SUP: 1179
96 -1 96 -1 #SUP: 1107
96 -1 1 -1 #SUP: 1104
96 -1 71 -1 #SUP: 1137
96 -1 75 -1 #SUP: 1114
96 -1 75 96 -1 #SUP: 1092
99 -1 #SUP: 1119
